# 40 3
94628 1 1
94629 3 1
94630 5 1
94631 7 1
94632 9 1
94633 11 1
94634 13 1
94635 15 1
94636 17 1
94637 19 1
94638 21 1
94639 23 1
94640 25 1
94641 27 1
94642 29 1
94643 31 1
94644 33 1
94645 35 1
94646 37 1
94647 39 1
94648 94588 1
94649 94590 1
94650 94592 1
94651 94594 1
94652 94596 1
94653 94598 1
94654 94600 1
94655 94602 1
94656 94604 1
94657 94606 1
94658 94608 1
94659 94610 1
94660 94612 1
94661 94614 1
94662 94616 1
94663 94618 1
94664 94620 1
94665 94622 1
94666 94624 1
94667 94626 1
